0.149414
0.127648
0.116335
0.13816
0.0960732
0.116492
0.0909716
0.0923977
0.0964641
0.0788036
0.0733437
0.0703689
0.0734521
0.0641786
0.0678248
0.0654536
0.0543641
0.053587
0.0485846
0.053095
0.0431876
0.0427379
0.0397307
0.045436
0.0362619
0.0389231
0.0305174
0.0290136
0.0271509
0.0256787
0.0253005
0.023338
0.0212692
0.0214675
0.0212728
0.0192518
0.0178282
0.017029
0.0152958
0.0163017
0.0123981
0.0146737
0.011469
0.0126055
0.011381
0.00932012
0.00976279
0.00833801
0.00882639
0.0087688
0.00882268
0.00732733
0.00679402
0.00642163
0.00730316
0.00476662
0.00469329
0.0050628
0.00481103
0.00485943
0.00539398
0.00418641
0.00379312
0.00367908
0.00371661
0.00309851
0.00298516
0.00307408
0.00275906
0.00259766
0.00224255
0.00236007
0.0021065
0.00195836
0.00166992
0.00177775
0.0018891
0.00144241
0.00173754
0.00129504
0.00145448
0.00130815
0.00127444
0.00110876
0.00110639
0.00113826
0.00101476
0.000923956
0.000891007
0.000906537
0.000893887
0.000742919
0.000742347
0.000675452
0.000663403
0.000575652
0.000499026
0.000524767
0.000507945
0.000473906
0.000430051
